"V1" "V2" "V3" "V4" "V5" "V6" "V7" "V8" "V9" "V10" "V11" "V12" "V13" "V14" "V15" "V16" "V17" "V18" "V19" "V20" "V21" "V22" "V23" "V24" "V25" "V26" "V27" "Year"
"1" 55600 62500 68200 96400 217000 12400 40000 28000 52300 123000 21100 30600 16700 19500 558000 73300 25000 36700 51800 49400 12200 10800 32300 10600 24600 48000 122000 1935
"2" 112000 122000 182000 132000 465000 32400 26100 21800 46700 142000 45800 49300 24600 32100 620000 52700 62600 87200 95800 93400 8450 14500 27100 16200 21400 37600 122000 1936
"3" 95400 131000 147000 97300 321000 41100 45000 19300 36000 113000 96500 39500 46600 71500 1110000 204000 45200 58000 68000 73400 16900 32000 61100 49400 99000 182000 285000 1937
"4" 65800 76100 99400 118000 231000 20000 19100 24200 46700 138000 46600 55300 28100 43800 346000 44200 43400 59800 71900 76400 30600 25100 46000 31500 33600 71000 162000 1938
"5" 76000 82100 85000 109000 207000 20400 21600 18200 18400 95700 32500 60200 23400 40800 622000 72200 52600 73600 97500 106000 19000 21700 49300 33700 55900 102000 197000 1939
"6" 96000 109000 116000 87400 249000 28300 22000 95000 126000 163000 66000 109000 24700 48400 597000 48800 25000 33300 25900 26000 8200 10400 31800 37500 51200 77400 1e+05 1940
"7" 60000 70800 76600 117000 210000 15100 12500 12200 21900 47600 16000 17900 4360 5990 260000 23600 13600 13500 15100 16500 4350 2970 11200 3020 11500 20800 38300 1941
"8" 83900 95300 102000 51500 187000 24600 13500 21800 33200 87600 31600 33000 18400 21500 402000 46100 29300 43600 53000 50100 9700 12200 31500 16400 28300 59000 106000 1942
"9" 102000 146000 162000 105000 365000 35000 14400 21800 29600 107000 66000 94400 31300 51000 615000 67500 84700 129000 182000 186000 29400 35800 76000 42000 62600 97400 302000 1943
"10" 61400 70800 78000 57200 153000 16400 13200 21200 36200 66900 29100 33400 27100 30300 448000 39800 45500 71500 80800 81700 12900 24100 52600 36000 46200 91200 167000 1944
"11" 79900 113000 137000 95400 309000 20200 16600 46100 53300 88500 77300 104000 26600 43700 810000 70200 29800 46000 53200 52300 20500 13800 49800 40300 72600 105000 162000 1945
"12" 96400 122000 131000 54200 178000 42800 13000 34100 56900 146000 36600 41000 13200 21900 462000 51400 26200 38400 35800 38900 10400 9530 23300 12800 23300 45000 92100 1946
"13" 111000 116000 121000 35200 152000 16400 11200 22500 38400 70600 47600 43500 34600 42600 350000 41000 30600 40000 52200 54700 7000 10800 28600 33000 40600 60200 110000 1947
"14" 112000 125000 136000 106000 261000 14800 15600 25700 37600 124000 59800 73600 27600 38600 675000 56600 29000 39700 57800 71500 24500 17400 41800 23700 36500 75200 162000 1948
"15" 36200 46700 55500 95800 178000 14800 13000 30800 40700 93900 36600 44500 28800 37400 505000 71100 38000 59600 63700 66000 18000 16400 48900 63500 62400 110000 235000 1949
"16" 82800 98200 1e+05 79900 169000 23400 14200 15000 27600 113000 46100 45000 32600 42900 6e+05 86100 67700 88000 108000 120000 36600 26400 70400 50000 68500 138000 286000 1950
"17" 78900 96700 102000 94400 237000 21800 13700 36200 59600 73200 41500 45200 30400 43700 525000 63300 33000 50000 88000 91900 18100 16800 30000 28600 42200 69300 164000 1951
"18" 74000 109000 124000 72700 261000 31400 17400 17100 27600 68700 67400 87600 36600 55300 556000 71500 34000 41500 42600 43700 7950 17500 28500 42000 40600 76500 126000 1952
"19" 58300 84500 92700 44100 122000 11500 7760 24400 35000 75000 10600 17600 17300 14500 312000 47700 27600 34600 37000 38200 4970 11200 26000 12500 19500 40000 73900 1953
"20" 46400 61800 70200 29200 132000 13300 8530 21900 27600 79500 11000 12100 8660 8300 235000 36600 12200 15600 18400 18700 395 5540 9100 5880 5580 12300 27500 1954
"21" 69700 93700 109000 115000 250000 35800 9800 21600 33200 106000 27200 34200 16000 23800 607000 66600 25800 35000 30200 31100 4510 9400 14500 10900 30200 45600 73900 1955
"22" 124000 142000 160000 120000 226000 22000 11600 20700 36200 70500 21200 31000 20600 26700 516000 66900 24100 29400 37200 39100 9300 23700 35200 34600 33200 60000 91300 1956
"23" 73700 87100 95600 80700 158000 23500 11600 36500 56000 92000 49200 59100 31000 45100 490000 54300 37700 51900 73100 79900 35200 26300 51000 33400 45500 84000 137000 1957
"24" 42000 55600 62700 63900 150000 20300 10600 17100 32800 75900 31800 39200 37200 45100 550000 59500 51500 97000 129000 125000 19400 29400 46200 28100 40100 90200 185000 1958
"25" 117000 160000 184000 59100 254000 47500 12400 30200 28400 53800 127000 127000 57100 73900 516000 41900 66300 87600 103000 107000 17600 17400 35800 55900 66500 97500 172000 1959
"26" 96200 118000 132000 71100 233000 23300 11000 36200 59000 112000 20700 32300 12300 16500 361000 41000 27300 38100 45200 46700 11600 9450 32200 25600 40300 57900 106000 1960
"27" 87200 92900 93600 50400 164000 11800 10800 32800 35400 88500 28000 48000 23400 34000 587000 52500 34400 54700 84500 74200 33000 18500 67100 52000 76200 132000 248000 1961
"28" 31000 43900 55500 54000 130000 14200 11200 21800 26400 84900 34500 51600 21800 31800 627000 105000 38100 45000 57400 53300 18600 22000 27800 19700 35600 55000 122000 1962
"29" 78000 92600 94800 119000 211000 13000 12000 39000 52000 113000 70700 101000 45200 57200 587000 42200 35000 60000 68000 64800 11600 27200 55600 47600 45200 82500 152000 1963
"30" 105000 148000 174000 60100 276000 27700 14700 17100 25000 92600 73800 122000 34200 52600 780000 80000 39200 57600 76700 81300 7500 35000 56600 44800 61400 108000 149000 1964
"31" 52200 58800 64000 42700 109000 17400 10200 27600 39300 76400 26100 30900 20100 25400 463000 47600 26400 36000 44400 43100 4540 11400 22400 25000 25500 47500 80800 1965
"32" 55800 92500 109000 84000 236000 18200 11800 35200 60000 70500 21300 38500 14500 20800 515000 39300 12400 14000 17500 19800 5880 4790 14600 10600 19500 31800 61800 1966
"33" 48200 62300 63400 149000 203000 12600 10600 16100 25300 77900 27700 35600 20500 30700 637000 44600 40700 64100 59600 68000 18800 18200 43800 32900 29000 61400 133000 1967
"34" 44600 60200 76600 97400 161000 19300 10400 17300 17100 59800 35800 83700 21700 56100 585000 49900 34300 67100 91700 85400 33500 17000 64700 55200 58200 96000 154000 1968
"35" 56900 81500 87500 30900 120000 18300 11900 15400 26600 66400 26600 32600 22900 40300 342000 46800 32600 64900 99800 91000 22700 20200 65600 35000 46800 94600 195000 1969
"36" 43700 75900 91700 64100 198000 12300 9110 26000 26300 94900 30700 44400 25000 39000 505000 42200 16800 41700 61600 70500 16400 10300 26800 22600 22200 51200 129000 1970
"37" 44400 61200 71000 67800 131000 16000 10600 13200 22900 65000 25600 39300 20100 29800 459000 40700 17700 30000 40200 47400 7780 12900 34100 24900 34700 63500 121000 1971
"38" 76000 118000 144000 92100 344000 18400 9470 42800 72400 102000 24800 28400 18200 21900 519000 44700 17700 38500 60000 58500 7380 16700 27600 23700 35700 66900 134000 1972
"39" 40500 57700 69000 79000 157000 16300 8940 47300 66000 77100 26300 30300 22100 27000 527000 45600 16600 39500 55400 56700 11200 12000 25200 21700 30900 57800 115000 1973
"40" 49600 70500 80000 97000 157000 21600 11200 33600 40000 82100 25700 31600 22700 33400 523000 54200 23500 52500 81100 82800 19600 15000 28000 16300 23500 57400 149000 1974
"41" 56100 83600 99900 76400 162000 19400 12800 37400 53200 96200 53700 54800 35000 55100 514000 58300 16600 34700 46300 49800 16000 18600 43700 37800 42800 78700 134000 1975
"42" 68200 1e+05 109000 50100 176000 19300 9870 30500 42400 81800 29900 33700 18500 30300 488000 45900 20900 43400 58400 56300 11500 15800 23700 17400 22500 46400 105000 1976
"43" 48000 1e+05 78200 74200 128000 19700 11200 44100 74400 106000 20100 21600 17100 23200 506000 40600 15600 22300 27000 27000 7280 4580 18500 12500 16900 33700 76900 1977
"44" 58000 88500 96900 90800 160000 22000 11500 86500 75800 94300 33800 44200 26000 37500 606000 42600 23100 49500 71900 66700 16500 18500 44400 33800 47200 87400 178000 1978
"45" 50100 75300 84300 102000 206000 19500 11600 40000 55300 86000 39400 50500 23600 37000 630000 73400 21900 48800 75600 74400 22500 18600 47700 36700 48400 85000 168000 1979
"46" 36400 51000 61800 83600 138000 17200 10700 29200 42600 59200 30900 29400 27200 31600 385000 43300 18500 46200 55300 52400 7380 19300 22000 24300 32600 56500 87400 1980
"47" 70300 91200 113000 84900 203000 20000 13000 21100 25700 68200 29800 28300 20800 20800 420000 40000 20600 43200 61600 66000 7390 10200 37300 29400 24100 65000 122000 1981
"48" 43800 59200 66600 65200 129000 22300 10100 23600 40800 83500 26800 30800 23000 46700 462000 40000 32100 55300 78400 72900 21500 14500 31000 45000 48300 83800 154000 1982
"49" 34100 42500 51200 43600 117000 13400 12500 33100 37000 81200 33600 44600 20000 37700 525000 61500 25000 59100 77300 76600 17900 10800 35400 36700 48700 91200 171000 1983
"50" 54700 80200 93500 52500 164000 12900 9910 30000 41200 95900 33200 34900 16600 22500 456000 77600 20200 40000 51100 49300 25900 12100 28200 23500 27700 68000 131000 1984
"51" 62100 79700 89700 50700 161000 21000 11000 16800 20500 70400 31700 33000 24500 30500 425000 43600 39100 79200 114000 110000 26700 27000 42400 28600 38800 84500 196000 1985
"52" 46700 66900 80500 148000 205000 18500 11000 26500 40000 89100 28500 34400 21000 31800 493000 33400 19600 40000 58000 59800 18400 18800 34000 33100 31200 74600 144000 1986
"53" 48600 66200 71300 41500 120000 16200 10400 40300 79800 94500 23900 26200 27500 27600 428000 43800 10600 13800 18600 19300 4910 10400 18800 14300 13300 26700 50500 1987
"54" 30700 44200 49400 52400 123000 8800 10800 8390 11500 53400 23700 26600 10600 23100 380000 47900 21200 32600 33400 35000 15700 11400 23200 27200 29200 57200 96600 1988
"55" 53600 93100 102000 95800 161000 18700 11000 59200 74800 86100 26900 31700 27800 41900 473000 79300 26400 39500 50200 53200 13800 15700 25400 25400 40100 76800 127000 1989
"56" 58900 85500 93000 60300 128000 21700 11000 30200 38200 72200 33000 38600 24400 36000 393000 47000 26900 50800 70900 67800 22200 14500 49900 41400 47600 119000 199000 1990
"57" 59900 90900 114000 83500 216000 29200 14500 24700 28100 80400 45600 41800 39700 48700 535000 50600 34800 75200 102000 106000 22600 36800 65200 55500 50100 109000 224000 1991
"58" 33600 58700 67900 48000 93100 16000 6870 56500 61800 75300 24200 25600 22300 24800 435000 40000 12900 32700 35900 39800 10300 17100 33000 12500 16200 41600 84300 1992
"59" 46300 67000 78300 60400 141000 19600 10600 50900 81600 104000 24900 28900 24000 26600 466000 31700 29700 61100 80200 77700 19600 18900 33800 17100 24300 48700 123000 1993
"60" 56100 81900 95300 99700 169000 32100 11600 41400 50500 92600 35200 38600 23900 34900 479000 45100 24200 63500 99600 104000 19800 28900 73400 59800 50000 120000 197000 1994
"61" 33100 43800 50400 54500 95900 8420 10700 84700 89400 90900 23100 27800 31300 32200 465000 53000 16500 29500 38600 38600 22900 12100 33700 42300 36100 78300 149000 1995
"62" 59400 102000 138000 158000 357000 27200 12400 49200 66800 105000 36800 41200 29800 50700 573000 38000 24700 34600 56000 55500 29500 12900 45500 58900 65800 121000 203000 1996
"63" 46100 61000 66000 70400 130000 18800 9380 26100 37800 92700 39200 45100 30500 37100 716000 85200 25400 53000 69300 65800 14800 18000 34700 45300 43500 66000 142000 1997
"64" 69700 98900 110000 58700 193000 26700 13800 32900 48700 92300 26800 31900 19600 36500 414000 43800 32500 54000 81900 83300 14200 20800 47200 39800 41400 83200 174000 1998
"65" 43200 71200 82900 53000 156000 21600 12900 9760 14600 58400 21000 26000 25500 33700 397000 48800 29900 58600 71500 70200 21800 24000 51600 32700 32800 87700 175000 1999
"66" 42000 59800 65700 109000 163000 23200 11400 11000 16700 76100 26400 42500 20100 31200 538000 30700 17400 30000 29800 30300 8720 4250 16000 18700 19900 30900 60400 2000
"67" 34000 43900 48600 51500 105000 10300 8890 19000 29800 89400 23000 43200 17300 20200 346000 37300 21200 34100 37000 37200 17400 6800 26300 25800 18400 37200 70600 2001
"68" 47300 74400 83400 71400 135000 17900 12500 21800 37900 58500 22700 29200 25000 36000 516000 46800 23300 39600 76500 77500 35400 25600 58600 46300 54600 117000 236000 2002
"69" 63100 69300 67200 70300 120000 27500 9420 38100 74000 106000 24200 31500 34400 35200 471000 47900 33000 79000 108000 93600 8420 33800 47500 27700 28500 54200 116000 2003
"70" 58300 105000 144000 109000 283000 34000 14600 44900 75800 93700 48400 51000 32000 57500 524000 40400 20700 56800 76100 68200 13500 17500 46900 54800 52100 102000 157000 2004
"71" 56000 76400 87300 82800 239000 25500 14700 19100 33600 69700 64400 70600 42000 65700 590000 40800 33800 78300 125000 122000 28300 37100 83700 59600 75500 150000 268000 2005
"72" 34700 52000 58400 49600 116000 11100 9810 19700 34900 82400 26100 30800 19900 32400 387000 36900 16200 29400 35400 35200 13400 13900 45700 47000 59300 111000 173000 2006
"73" 58900 87300 107000 65000 186000 23500 13000 12800 21700 84900 35300 36300 33300 44600 445000 34700 23400 49700 70200 60600 12600 29100 45800 42600 44500 98600 178000 2007
"74" 59200 86800 99000 88000 192000 27600 15000 18300 20000 78800 40800 52700 31700 64900 542000 52700 31200 71000 102000 91100 49300 25100 127000 79500 60800 132000 253000 2008
"75" 47600 70600 82100 79000 136000 18400 10800 14800 22000 68500 23200 25000 18700 27200 411000 45200 26200 57800 68600 61500 22000 17300 33900 55300 29300 72600 138000 2009
"76" 36700 68200 80100 73500 204000 16300 12000 31100 47300 114000 24700 37300 23700 39100 483000 69800 19400 42000 58700 55100 11200 21700 24500 35400 26900 50900 102000 2010
"77" 70000 96600 108000 62900 211000 27500 14400 26300 50800 80000 35800 41800 32400 50900 644000 76000 24400 57100 93600 87800 26200 26600 47000 42900 63200 132000 268000 2011
"78" 35600 56900 66500 64800 144000 18900 12000 21900 37300 69900 35700 37000 30100 46800 431000 43700 24500 44100 46500 44000 9170 13300 22000 33000 33900 55800 98500 2012
"79" 43400 62400 68600 54300 152000 15700 10900 54700 65800 108000 20000 20000 20500 26800 449000 43700 39300 80000 127000 120000 20600 32500 58500 31000 25800 80900 194000 2013
"80" 51400 79600 81900 53200 146000 18900 14600 14200 26700 70400 37700 39200 40700 54900 455000 44300 20800 49200 51300 50800 10900 23200 40500 52500 45500 91200 144000 2014
"81" 37100 51200 62200 85200 150000 23000 13200 42100 48900 102000 33100 30500 22200 33200 706000 50200 35100 68200 74900 71600 12000 21300 30600 33500 40300 70500 127000 2015
"82" 49800 68100 71600 43800 106000 16400 10200 23900 37500 99800 26400 28200 29700 43700 416000 47200 19400 51300 102000 98300 37300 20000 34300 33900 36300 75700 175000 2016
"83" 70800 103000 117000 91900 151000 25000 11000 40800 60300 84300 25000 34100 20500 32900 392000 40500 22500 46400 74000 73500 31500 27400 56000 35600 36300 90300 2e+05 2017
"84" 45300 71200 103000 106000 238000 22700 13000 39800 44200 108000 42700 45000 37500 54300 712000 48000 25000 65000 99000 86900 21100 23400 54400 37700 50000 90600 187000 2018
"85" 44700 71900 83600 53600 165000 24600 13000 46700 88000 109000 38200 48400 33600 49300 683000 57100 21800 37200 45700 45900 11700 18900 45600 45300 54400 93600 163000 2019
"86" 37600 51600 62200 68200 132000 18000 14500 62900 95200 104000 42400 44400 24500 52300 638000 44400 20100 36300 50200 47900 24800 20400 43200 36700 39100 80300 155000 2020
"87" 46800 62100 59100 83300 181000 15000 9960 45900 53800 93600 24500 34000 22000 28200 720000 52300 19900 32700 34600 38800 9830 13700 29500 36600 27100 49300 93500 2021
